0011101100100101011100011110110110011011000011000000001100010000010100110111001110110011101111101111110000010111010111111111000010
1000111011010101111111111000101110001110001111111010001000010111110101110000111000110011111010000100100010100101011011100100100111
0011110001101110000111000111100100110011111100101100110011110011110010101101100110010101010100011111100111101010001010011001010100
0110101100110110011110101101101100111101001001100101010110110000010111101111110101100011011001000100011110001101110110001101011101
0000010010111101000100000011101001010010101101100100011000001110100111010000111111111000101100111001101001011001011110100101011010
1011000001101111110101000111111000100010111101110101111100010000010100110011011000100100100010010001111101100110110001111101000000
1001010100111100111101001100110011100011101010010111101100001111101100011011100010011101010010010111111011110010100011010101100011
1101111000001111110010101110110001111001111011010100000101101010111011011111010000010011000100011000000000100101010010111111110010
1100011101001010101111100100111011100001100000011000000000000000110100101111001000111000101011001001111101100011101100100100100110
0110100000100110010000101000100010100101010011101100001010110110010010111110001110110101101000101110000110110100110000001011011100
0000010011110100111111101010100010101010001100001010001001101101101010110000001001000011001111111100001011111111100011111010001110
0011000111011110001011010111000110010000110110100001110011111001010011100110110101010101001011000110001001101110101100000110011111
0101010010001000011001010110011001010011101111000000101100000001000101011011000000110111011111011101111001100011110001101011101011
0100010110000010001010110001100010100000100101010100010000011111001011101001010111101101110101000100000101100111010011111100000001
0000111101000011101001110111101101110100010100010110111000000001100111100111100110110101011000110001011001110100001101100101110110
1000100100011110001001101101101010010111100000101110010111100110110100011101000011111111111100000110000101100001010111111101011011
0001001101000011110011011100111001000101010110000101100000100010100000101100001000000001101111101010000110001101111010100110010100
1000001010000100000001111000011100110000011001010100010010001011101100101110000100100001010000010010111011001100101101000001101100
0001100011110101011110110011001011000101110101110000100100110011101010100111001010111100000101100110010111000000000110110010100111
1111100010010011001001010010000000000101101001111110000100000100100100011110001010011110100111010100010100111100000111101111001001
1110010010000000101111011010001111010011100000100100001010010110010101100110000100000110001010001110111101011000110011110110101101
1101011001101110011010001111111111101101100000010111100111100100010110111100110000110011000101000000010001111110001010011100011010
0000010111101011111000010101000001100010000011101011000010010000111001111110100111100101101100111001001010000001011011101101110100
0110111010101011111101011101101101000001011001011100000110101000110100011011111100010110001111010101101001010111111001111011110110
0111011001010111101011000110111010110101011110101100010110111100110011110000010001011010011010100111100101100011001010101000000000
1011000001101100100101000010100110011100110110101110110110110110111111001100000001001010010101110111100000011001001101101000011001
1110110001011111001000010001100100000110111100000101110110101011101111001000000111101111110000010011000010011010101100110110110111
1100010110011011111000110010100101111001001011010110000011010001010111111001101111010111110101001000100101000110011101011000000110
1000101111100001001010011110100011000111000110001101001111001110011101110011000010010110000001101001100110010010100001000110001101
0010001100010011000001011000111010010110011011110001000111011110110011100010110110010011001101110111111110001010001001101010011110
0011101100100100111100011011011111101000100110000101100011101111001011110101001010111110000100000100001100011111101001011110110001
0101000011100000110100100010111101110000101110100110011001011010100010001001001000000111100011110001001011001110111100100001000110
1011111101100101001010000000010010110101110011000000001110110101111001111110010000100101010100110100101111001101011111101111101000
0010001011110100001010100010001010000101011011111100110111111011000100100101111110110011100000011001100100010111001000011100000010
1010110101101000111101110011111101001000010111100011100110000000100000010001001011010011110101011000010010100100011111010111111110
1010001000000000000010001010011110011001001100100100100110001100001101011000110100011100001111000100110101101011110001000111100000
1001010001110110001110000111000111111101100110111000000111100000011010111100000111010111010011011110010111000011100011000111001000
0001100000001100110000000101111000110000100101111101000000011110111010100011111011100110011100000110111100001001001100110000110010
0011110110001110010100001001111100111110110110000000101100100101011100000111101000011001011110110111010010010011001100100011000000
1100100010001101111111110000110001001111110100000110001000010110010110111100111111001110010010110010000110111010000101110111101100
0000101101011101010001000101100101101011001001010011000100110011110010100111011000001000100101100010100101000001100010101111000101
1000110000011101000010010100110011101000001100011001101100011010001011000010100000001110111010100010001100000101010011110010000000
0001011010011101101101110010001001001011101101100010001010011110110010011001101000010010101111001000011001101110100101101110010001
0101101001111000101000010001010111101111010110100100011101000010101001100110001100010001011111011111011011001110000101011010110000
0110110011100010111110011100000100101100111010110000010000100101001110011011110101001010110010110010111011111101101111011100100000
1111001000111100011101000011110110111010100100111010111100100011100000100001111000101100100010010111001011010111101011111011100011
0111011111101011101101000001100110011100111101100001001010010000110010001011101011001110001110100010011010110111111011111111100111
1111111110100100000011110111011000011010010001011000111011010011001100000010111010110010111110111100111001001010000110000111101101
1010011010110100011110111001011111000010100000011100011011000111100010101001011011001100011111001011000010101000011111001010110001
1110111111101110101001111100111010011011100010101000110100111010101101001110101010101110101010010100011000010101000110101000001010
0010001010011110110111101110000110011111111010001001000010010010001000100011011111100101100001011101010001000011010111100000111011
1011001111000100000110000001110110111010100111100011110000111110100001110100000101000100110000101111011010010010111000111010001101
1101001010010101100101100011101000110110011100001011001001010100101110101010111110001101110011101101010000001100001001100010110100
1001010101110001011010110111101111000100111000001100101000111011011011001010010011100001111001100100100000010000000010001111010100
0100011000101111000111101110110110101100101111000110110101101111010110110000000100100000011010000101010100010110110011010101011100
1111001011010011000111000111111101000101010011100111101110111110100111001010000011001001000011010111000001101100110000001100010101
0010100110111110100010010111100011111001110101100001010011000101011010000101111101101010110001011100110110000001000110001010100001
1111101000001100101111010111001001010011111000101011110111111110000010110110001010001111001011001001011100110001111100001000100100
1001011000000001001010010101011111100000100100011000001011101110110100110100000101111101000010001111110001101010100101000111010101
1101001110010010011110010101001010010001111110001101110110111000111111001011010100111001001001101100111110110110011011100010011100
1111001010010010110000110110101011101101101011001000111110110000100100110110111110011101111101010010100110100001100011000001010101
0000011100000110101100101000000000010010010110000011100010010110010111100111100000101011101110010001010000001001010000101011111111
0100010011111110111001011001001111110110011000000101010010110000110101011111011000110111010010001011110000011010101101100111111011
1000111000100100000110000110011101101110001010110000101011011110001110111001111000000000000000010000110111101100100011100101000101
1101001011110010011011010000010000111000000011001111110111000010100000011011001100001100001001000001100101110111110001001101011111
0100001111011111010110101001100100100011011010100111001100101101010100011110011001100010011000110001001111101000100111001000001000
1000111111001111001000100011101000000000111100001010101010111010100000001000100000111000001111101010010111111000110010111110011010
1001010010010000010110110011001011011001001000000110010011100110011110001111100010010100001010001000010111101111011010100011000111
1111111001011001001101000100110100110110110001010000001011010001101011000111100010101000001010110100110111001011101011011111001101
1111100010001111000001010101000101100111110101001010010110010110011000110101111011001000100111100100110101111000010000000111110001
1011011111011110100101101011000101010010010000000011111101101010001010011000101001011111101100111001111110110010010001011110100110
1011111000011011110101101111001001010001001101001001010011010101110000110100010100111011001011101010011000101111001111011010101001
1101101001101011111001111001010101111011011010000010101000101110111101101110110000001110101000110111011111010011010011101101101111
1010010111010110111111110010111111101010111100000111110001110000110000010111001101111101100000101011010100010010010101100010101111
0110001001011010100001001011110000011000110110001010000010110010001110000110100101001000100100110001000110011110010100100111001011
0010101001101011011001010110101011011001111001010011010001010101011100110001100111101111100010001110100111100010011110000011010001
0011001011101111101010110010010010110000001000110000010010011010110100110001100111100111000110111011000111010110010111011001101111
0011000000010011010100011001110100010000101110101111110111101010101101101001111000111000011110011101001100010000101110010111001111
0001011110001101011101010011010011000101101110111111000001110111101110010111111000011111110110001110100100010010000111010001110101
1000101001000001010010010100011000101111111010100000100010101011010001011011110011001100100100001000000111000101101001000010000011
0000110001000000101111101101111110000111010100110000111010011110110000001110110110101110010111011101110101111010001100011010110011
1100100000100011100110001101111001100011010011011011010010110110000010101000010111011011110111001111000010110100111101111000101111
1010011110011001100110100000010101100010110111010011001111000100101011011010111000000000101011001110110010001011110110010001100010
0011000110010111100001101110001001111110000110010111001110110110100001010111010000000110101111000100001100101111111001000101110001
1010110101111011100000111111000001100110110001010011101111110000110010010011010000011111010001100011111000110000101110000100110010
1111000110111011111111110110100010100010001101000001100110100100011111010011100010010101100001000011000011100111011011011111010011
0111111100001101011001010001001110010001011011101110101010100011000000010010001001100111101000000110010100010001100010110001101011
1011011101101111011000010111110001001011101110010011100001101010011100111010101101100101101001101101010111111011011010010011011100
1110000111001111111101001110101111010101110101100111011010100101100110011111101010101111010111010001111110001010001010000101110011
0010010000010111010111011011101010100011111111010110001110100010101101000000100111010001011110001001000001000001001000110100010101
0011110000001000000111110110101000010001100101001001110101100100001011000010100001010011001110001100001001000110010011000010001110
0001011110010001101111011111000000100100011000110001011010101101100111000011111010110011001101000101101001011001001110101101010101
1101011000101111101110100111011000111010001110100110110101101100001111010101100000111000101001100101101110011010101010110011011000
1110101101100011110001111001000001111011101000111111001100011111000111010010001101001111001100110000011111010010010000011011001101
0100111010011110001110110001110010000001101001011000000000100010011000000010101100011111111010111011010101111100000111011011011100
1100101100010000011111010000010001010110011010000000010101010110010101101110000100000010111011010110111001000111010111010010001011
0001110101000000001010100000011010110000111010111100010001001110000100111101111100110000101101100101110000110110100000100100111011
0010110100011110010100111101100000111101101100000100110011001110001010000010010000001111001000101110101100011110111100010100111000
1011010000011111110010000010110010000111110100011010100110111101111011110000100100001111010101000110100011011011110101101101000101
0100111110110001010001011110010000011010001100011000110100011100000000011011010111101101110011101111001111101000111110011101000010
1010111110100100001111011010110010110111001001010110000111100000110111101001111001000010111100111001000011000010100001111010101101
0011100000000010010101111001011111110110111011010000011010111111101100001000000100010100010101001000101111101101110101001101000100
0000011011110001001001001111101100110101011100010010110101000100100101011011101100101010111111111101100100111011100011111010011110
1111001100001000000100100010111000010110110011001100000101110010000011101001111011101011001100010010001100101011000110000010000110
0111110000100011111000011010001111011001110111000011011010100011001001110110001110101111010000111110011001011101110110011101110101
0001100110110111000110011000111000101010110100011100000000100111100101011011110011101000011010111111000100100110011000100001111100
1100000000011100101100011000101100101010110001111111010011000011111010000000101111011101000100111011010010011101111111100000111001
1111111000111100001101101100000011110110011011110101111100000111101101001100111010101010100011100110101001001111110101010111010101
1110010110001000110101000011110000110110110001000010000100011101110111101100100110011000000010111001100001111110000100111110111110
1110110110100111011100100011011111111001111010011010111010000001000101000100010100001100011101001001000010011001010011110000110011
1110000011011110101111111111010110110100100010000100010010111110000110001100110110111101011001111101100001110100111011101100011011
0011110010001001000000010110101000000011110110000000110110110110000001111111011100111110001111001110110100010110101000101101011100
0010011111001000101010010110101001011101101010110101001100110000000101000011010011110101111011011111111110010100011101110010100001
0001011110110001110000110101011000101001111101111011110100101000100001011111000101100011000011001111111011001000110111100110110110
0111010001011011001010000110111100001110011100011101000010110111011100101001110010101100110110111010001010001100001000101111000001
0011011100110010011010100001110000100010111100100111100110000101100111111000111100101100101110100000011001011101011010101000001001
1100011010010101110101010011000000001111011111011011110011100111100001100100101101101110011100010011011101111011001110101100101101
1011000111001111111011001100011100000010000100000111011001011011100101101011111000111011001011110110111010101011111110100011001110
0001010110011110101100101100000010100100000100011011101001100010100110000100100010111111110000111100100100001101001111100100001010
0110000100111001111011111110000011001111110101000100010011110010101010110111011010011111010101110100010010010101010101111111111111
0111110111000111100101000111101001110100010011011110100010001111010100111001100001010100011101001000110010000111101100110010001011
1110101011111110111010011010011100111010001100000000001101010011111101110001111110110010001100100001101101011011010100101010111000
0100001011110000011011101011111011001100100001100100011010001001001101000000100011011101100011110000101110110011110100100001011101
0110100111101111100111101110101010111000100101001110010011000101000010100000100000000000100110010011100001011000100001101000001010
0010110011010101011101101001100010010101101001010011100011000001111011001111101000011011011101101101000000011100100101001000010111
0000010100011110010011101111100111100111010100011110111011011101010100011101110100001100000110110011100010101101101000110010001011
1000100110101100100001010100001100100011000110110101110100001001110101111000010100010111011010000010010100000100100011010001001000
0111010101010100101110010111000001001100010100101100110101101011001010001110111001001011010101011010100110001011100110010010011111
0010110101010000011101011100111001100010100011100111110011010001100000100001101010010100110101000111110110001000110100110111011111
1101100101100111010100000000011110010111101100111011000100101111101110100000001110101111001101100010100000010010011101000100100101
